3 21.375 0 2 1633954928
3 21.375 0 2 1633954935
3 21.312 0 2 1633954942
3 21.312 0 2 1633954948
3 21.312 0 2 1633954955
3 21.312 0 2 1633954962
3 21.312 0 2 1633954969
3 21.312 0 2 1633954976
3 21.25 0 2 1633954982
3 21.25 0 2 1633954989
3 21.25 0 2 1633954996
3 21.25 0 2 1633955003
3 21.25 0 2 1633955010
3 21.25 0 2 1633955016
3 21.25 0 2 1633955023
3 21.25 0 2 1633955030
3 21.25 0 2 1633955037
3 21.25 0 2 1633955044
3 21.25 0 2 1633955050
3 21.25 0 2 1633955057
3 21.187 0 2 1633955064
3 21.187 0 2 1633955071
3 21.25 0 2 1633955078